4 16 1.0 0 0.0 0.9998661379095618 0 0.01636173162648678 0.9998661379095618 0 0.01636173162648678 1.0 0 0.0
3 16 1.0 0 0.0 0.9998661379095618 0 0.01636173162648678 0 0 0
4 16 0.9998661379095618 0 0.01636173162648678 0.9994645874763657 0 0.03271908282177614 0.9994645874763657 0 0.03271908282177614 0.9998661379095618 0 0.01636173162648678
3 16 0.9998661379095618 0 0.01636173162648678 0.9994645874763657 0 0.03271908282177614 0 0 0
4 16 0.9994645874763657 0 0.03271908282177614 0.9987954562051724 0 0.049067674327418015 0.9987954562051724 0 0.049067674327418015 0.9994645874763657 0 0.03271908282177614
3 16 0.9994645874763657 0 0.03271908282177614 0.9987954562051724 0 0.049067674327418015 0 0 0
4 16 0.9987954562051724 0 0.049067674327418015 0.9978589232386035 0 0.06540312923014306 0.9978589232386035 0 0.06540312923014306 0.9987954562051724 0 0.049067674327418015
3 16 0.9987954562051724 0 0.049067674327418015 0.9978589232386035 0 0.06540312923014306 0 0 0
4 16 0.9978589232386035 0 0.06540312923014306 0.9966552393091803 0 0.0817210741336682 0.9966552393091803 0 0.0817210741336682 0.9978589232386035 0 0.06540312923014306
3 16 0.9978589232386035 0 0.06540312923014306 0.9966552393091803 0 0.0817210741336682 0 0 0
4 16 0.9966552393091803 0 0.0817210741336682 0.9951847266721969 0 0.0980171403295606 0.9951847266721969 0 0.0980171403295606 0.9966552393091803 0 0.0817210741336682
3 16 0.9966552393091803 0 0.0817210741336682 0.9951847266721969 0 0.0980171403295606 0 0 0
4 16 0.9951847266721969 0 0.0980171403295606 0.9934477790194444 0 0.11428696496684639 0.9934477790194444 0 0.11428696496684639 0.9951847266721969 0 0.0980171403295606
3 16 0.9951847266721969 0 0.0980171403295606 0.9934477790194444 0 0.11428696496684639 0 0 0
4 16 0.9934477790194444 0 0.11428696496684639 0.9914448613738104 0 0.13052619222005157 0.9914448613738104 0 0.13052619222005157 0.9934477790194444 0 0.11428696496684639
3 16 0.9934477790194444 0 0.11428696496684639 0.9914448613738104 0 0.13052619222005157 0 0 0
4 16 0.9914448613738104 0 0.13052619222005157 0.989176509964781 0 0.14673047445536175 0.989176509964781 0 0.14673047445536175 0.9914448613738104 0 0.13052619222005157
3 16 0.9914448613738104 0 0.13052619222005157 0.989176509964781 0 0.14673047445536175 0 0 0
4 16 0.989176509964781 0 0.14673047445536175 0.986643332084879 0 0.1628954733945887 0.986643332084879 0 0.1628954733945887 0.989176509964781 0 0.14673047445536175
3 16 0.989176509964781 0 0.14673047445536175 0.986643332084879 0 0.1628954733945887 0 0 0
4 16 0.986643332084879 0 0.1628954733945887 0.9838460059270774 0 0.17901686127663266 0.9838460059270774 0 0.17901686127663266 0.986643332084879 0 0.1628954733945887
3 16 0.986643332084879 0 0.1628954733945887 0.9838460059270774 0 0.17901686127663266 0 0 0
4 16 0.9838460059270774 0 0.17901686127663266 0.9807852804032304 0 0.19509032201612825 0.9807852804032304 0 0.19509032201612825 0.9838460059270774 0 0.17901686127663266
3 16 0.9838460059270774 0 0.17901686127663266 0.9807852804032304 0 0.19509032201612825 0 0 0
4 16 0.9807852804032304 0 0.19509032201612825 0.9774619749435719 0 0.21111155235896514 0.9774619749435719 0 0.21111155235896514 0.9807852804032304 0 0.19509032201612825
3 16 0.9807852804032304 0 0.19509032201612825 0.9774619749435719 0 0.21111155235896514 0 0 0
4 16 0.9774619749435719 0 0.21111155235896514 0.9738769792773336 0 0.2270762630343732 0.9738769792773336 0 0.2270762630343732 0.9774619749435719 0 0.21111155235896514
3 16 0.9774619749435719 0 0.21111155235896514 0.9738769792773336 0 0.2270762630343732 0 0 0
4 16 0.9738769792773336 0 0.2270762630343732 0.970031253194544 0 0.24298017990326384 0.970031253194544 0 0.24298017990326384 0.9738769792773336 0 0.2270762630343732
3 16 0.9738769792773336 0 0.2270762630343732 0.970031253194544 0 0.24298017990326384 0 0 0
4 16 0.970031253194544 0 0.24298017990326384 0.9659258262890683 0 0.25881904510252074 0.9659258262890683 0 0.25881904510252074 0.970031253194544 0 0.24298017990326384
3 16 0.970031253194544 0 0.24298017990326384 0.9659258262890683 0 0.25881904510252074 0 0 0
4 16 0.9659258262890683 0 0.25881904510252074 0.9615617976829619 0 0.2745886181849323 0.9615617976829619 0 0.2745886181849323 0.9659258262890683 0 0.25881904510252074
3 16 0.9659258262890683 0 0.25881904510252074 0.9615617976829619 0 0.2745886181849323 0 0 0
4 16 0.9615617976829619 0 0.2745886181849323 0.9569403357322088 0 0.29028467725446233 0.9569403357322088 0 0.29028467725446233 0.9615617976829619 0 0.2745886181849323
3 16 0.9615617976829619 0 0.2745886181849323 0.9569403357322088 0 0.29028467725446233 0 0 0
4 16 0.9569403357322088 0 0.29028467725446233 0.9520626777139243 0 0.30590302009655346 0.9520626777139243 0 0.30590302009655346 0.9569403357322088 0 0.29028467725446233
3 16 0.9569403357322088 0 0.29028467725446233 0.9520626777139243 0 0.30590302009655346 0 0 0
4 16 0.9520626777139243 0 0.30590302009655346 0.9469301294951057 0 0.32143946530316153 0.9469301294951057 0 0.32143946530316153 0.9520626777139243 0 0.30590302009655346
3 16 0.9520626777139243 0 0.30590302009655346 0.9469301294951057 0 0.32143946530316153 0 0 0
4 16 0.9469301294951057 0 0.32143946530316153 0.9415440651830208 0 0.33688985339222005 0.9415440651830208 0 0.33688985339222005 0.9469301294951057 0 0.32143946530316153
3 16 0.9469301294951057 0 0.32143946530316153 0.9415440651830208 0 0.33688985339222005 0 0 0
4 16 0.9415440651830208 0 0.33688985339222005 0.9359059267573258 0 0.3522500479212335 0.9359059267573258 0 0.3522500479212335 0.9415440651830208 0 0.33688985339222005
3 16 0.9415440651830208 0 0.33688985339222005 0.9359059267573258 0 0.3522500479212335 0 0 0
4 16 0.9359059267573258 0 0.3522500479212335 0.9300172236840122 0 0.3675159365947035 0.9300172236840122 0 0.3675159365947035 0.9359059267573258 0 0.3522500479212335
3 16 0.9359059267573258 0 0.3522500479212335 0.9300172236840122 0 0.3675159365947035 0 0 0
4 16 0.9300172236840122 0 0.3675159365947035 0.9238795325112867 0 0.3826834323650898 0.9238795325112867 0 0.3826834323650898 0.9300172236840122 0 0.3675159365947035
3 16 0.9300172236840122 0 0.3675159365947035 0.9238795325112867 0 0.3826834323650898 0 0 0
4 16 0.9238795325112867 0 0.3826834323650898 0.9174944964474914 0 0.397748474527011 0.9174944964474914 0 0.397748474527011 0.9238795325112867 0 0.3826834323650898
3 16 0.9238795325112867 0 0.3826834323650898 0.9174944964474914 0 0.397748474527011 0 0 0
4 16 0.9174944964474914 0 0.397748474527011 0.9108638249211758 0 0.41270702980439467 0.9108638249211758 0 0.41270702980439467 0.9174944964474914 0 0.397748474527011
3 16 0.9174944964474914 0 0.397748474527011 0.9108638249211758 0 0.41270702980439467 0 0 0
4 16 0.9108638249211758 0 0.41270702980439467 0.9039892931234433 0 0.42755509343028203 0.9039892931234433 0 0.42755509343028203 0.9108638249211758 0 0.41270702980439467
3 16 0.9108638249211758 0 0.41270702980439467 0.9039892931234433 0 0.42755509343028203 0 0 0
4 16 0.9039892931234433 0 0.42755509343028203 0.8968727415326884 0 0.44228869021900125 0.8968727415326884 0 0.44228869021900125 0.9039892931234433 0 0.42755509343028203
3 16 0.9039892931234433 0 0.42755509343028203 0.8968727415326884 0 0.44228869021900125 0 0 0
4 16 0.8968727415326884 0 0.44228869021900125 0.8895160754218561 0 0.4569038756304206 0.8895160754218561 0 0.4569038756304206 0.8968727415326884 0 0.44228869021900125
3 16 0.8968727415326884 0 0.44228869021900125 0.8895160754218561 0 0.4569038756304206 0 0 0
4 16 0.8895160754218561 0 0.4569038756304206 0.881921264348355 0 0.4713967368259976 0.881921264348355 0 0.4713967368259976 0.8895160754218561 0 0.4569038756304206
3 16 0.8895160754218561 0 0.4569038756304206 0.881921264348355 0 0.4713967368259976 0 0 0
4 16 0.881921264348355 0 0.4713967368259976 0.8740903416267589 0 0.48576339371634003 0.8740903416267589 0 0.48576339371634003 0.881921264348355 0 0.4713967368259976
3 16 0.881921264348355 0 0.4713967368259976 0.8740903416267589 0 0.48576339371634003 0 0 0
4 16 0.8740903416267589 0 0.48576339371634003 0.8660254037844387 0 0.49999999999999994 0.8660254037844387 0 0.49999999999999994 0.8740903416267589 0 0.48576339371634003
3 16 0.8740903416267589 0 0.48576339371634003 0.8660254037844387 0 0.49999999999999994 0 0 0
4 16 0.8660254037844387 0 0.49999999999999994 0.8577286100002721 0 0.5141027441932217 0.8577286100002721 0 0.5141027441932217 0.8660254037844387 0 0.49999999999999994
3 16 0.8660254037844387 0 0.49999999999999994 0.8577286100002721 0 0.5141027441932217 0 0 0
4 16 0.8577286100002721 0 0.5141027441932217 0.849202181526579 0 0.5280678506503679 0.849202181526579 0 0.5280678506503679 0.8577286100002721 0 0.5141027441932217
3 16 0.8577286100002721 0 0.5141027441932217 0.849202181526579 0 0.5280678506503679 0 0 0
4 16 0.849202181526579 0 0.5280678506503679 0.8404484010944381 0 0.5418915805747516 0.8404484010944381 0 0.5418915805747516 0.849202181526579 0 0.5280678506503679
3 16 0.849202181526579 0 0.5280678506503679 0.8404484010944381 0 0.5418915805747516 0 0 0
4 16 0.8404484010944381 0 0.5418915805747516 0.8314696123025452 0 0.5555702330196022 0.8314696123025452 0 0.5555702330196022 0.8404484010944381 0 0.5418915805747516
3 16 0.8404484010944381 0 0.5418915805747516 0.8314696123025452 0 0.5555702330196022 0 0 0
4 16 0.8314696123025452 0 0.5555702330196022 0.8222682189897751 0 0.5691001458788982 0.8222682189897751 0 0.5691001458788982 0.8314696123025452 0 0.5555702330196022
3 16 0.8314696123025452 0 0.5555702330196022 0.8222682189897751 0 0.5691001458788982 0 0 0
4 16 0.8222682189897751 0 0.5691001458788982 0.8128466845916152 0 0.5824776968678022 0.8128466845916152 0 0.5824776968678022 0.8222682189897751 0 0.5691001458788982
3 16 0.8222682189897751 0 0.5691001458788982 0.8128466845916152 0 0.5824776968678022 0 0 0
4 16 0.8128466845916152 0 0.5824776968678022 0.8032075314806449 0 0.5956993044924332 0.8032075314806449 0 0.5956993044924332 0.8128466845916152 0 0.5824776968678022
3 16 0.8128466845916152 0 0.5824776968678022 0.8032075314806449 0 0.5956993044924332 0 0 0
4 16 0.8032075314806449 0 0.5956993044924332 0.7933533402912353 0 0.6087614290087205 0.7933533402912353 0 0.6087614290087205 0.8032075314806449 0 0.5956993044924332
3 16 0.8032075314806449 0 0.5956993044924332 0.7933533402912353 0 0.6087614290087205 0 0 0
4 16 0.7933533402912353 0 0.6087614290087205 0.7832867492286505 0 0.6216605733700773 0.7832867492286505 0 0.6216605733700773 0.7933533402912353 0 0.6087614290087205
3 16 0.7933533402912353 0 0.6087614290087205 0.7832867492286505 0 0.6216605733700773 0 0 0
4 16 0.7832867492286505 0 0.6216605733700773 0.773010453362737 0 0.6343932841636455 0.773010453362737 0 0.6343932841636455 0.7832867492286505 0 0.6216605733700773
3 16 0.7832867492286505 0 0.6216605733700773 0.773010453362737 0 0.6343932841636455 0 0 0
4 16 0.773010453362737 0 0.6343932841636455 0.7625272039063882 0 0.6469561525348573 0.7625272039063882 0 0.6469561525348573 0.773010453362737 0 0.6343932841636455
3 16 0.773010453362737 0 0.6343932841636455 0.7625272039063882 0 0.6469561525348573 0 0 0
4 16 0.7625272039063882 0 0.6469561525348573 0.7518398074789774 0 0.6593458151000688 0.7518398074789774 0 0.6593458151000688 0.7625272039063882 0 0.6469561525348573
3 16 0.7625272039063882 0 0.6469561525348573 0.7518398074789774 0 0.6593458151000688 0 0 0
4 16 0.7518398074789774 0 0.6593458151000688 0.7409511253549592 0 0.6715589548470183 0.7409511253549592 0 0.6715589548470183 0.7518398074789774 0 0.6593458151000688
3 16 0.7518398074789774 0 0.6593458151000688 0.7409511253549592 0 0.6715589548470183 0 0 0
4 16 0.7409511253549592 0 0.6715589548470183 0.7298640726978357 0 0.6835923020228711 0.7298640726978357 0 0.6835923020228711 0.7409511253549592 0 0.6715589548470183
3 16 0.7409511253549592 0 0.6715589548470183 0.7298640726978357 0 0.6835923020228711 0 0 0
4 16 0.7298640726978357 0 0.6835923020228711 0.7185816177796982 0 0.6954426350096116 0.7185816177796982 0 0.6954426350096116 0.7298640726978357 0 0.6835923020228711
3 16 0.7298640726978357 0 0.6835923020228711 0.7185816177796982 0 0.6954426350096116 0 0 0
4 16 0.7185816177796982 0 0.6954426350096116 0.7071067811865476 0 0.7071067811865476 0.7071067811865476 0 0.7071067811865476 0.7185816177796982 0 0.6954426350096116
3 16 0.7185816177796982 0 0.6954426350096116 0.7071067811865476 0 0.7071067811865476 0 0 0
4 16 0.7071067811865476 0 0.7071067811865476 0.6954426350096117 0 0.718581617779698 0.6954426350096117 0 0.718581617779698 0.7071067811865476 0 0.7071067811865476
3 16 0.7071067811865476 0 0.7071067811865476 0.6954426350096117 0 0.718581617779698 0 0 0
4 16 0.6954426350096117 0 0.718581617779698 0.6835923020228714 0 0.7298640726978356 0.6835923020228714 0 0.7298640726978356 0.6954426350096117 0 0.718581617779698
3 16 0.6954426350096117 0 0.718581617779698 0.6835923020228714 0 0.7298640726978356 0 0 0
4 16 0.6835923020228714 0 0.7298640726978356 0.6715589548470184 0 0.740951125354959 0.6715589548470184 0 0.740951125354959 0.6835923020228714 0 0.7298640726978356
3 16 0.6835923020228714 0 0.7298640726978356 0.6715589548470184 0 0.740951125354959 0 0 0
4 16 0.6715589548470184 0 0.740951125354959 0.659345815100069 0 0.7518398074789773 0.659345815100069 0 0.7518398074789773 0.6715589548470184 0 0.740951125354959
3 16 0.6715589548470184 0 0.740951125354959 0.659345815100069 0 0.7518398074789773 0 0 0
4 16 0.659345815100069 0 0.7518398074789773 0.6469561525348575 0 0.7625272039063881 0.6469561525348575 0 0.7625272039063881 0.659345815100069 0 0.7518398074789773
3 16 0.659345815100069 0 0.7518398074789773 0.6469561525348575 0 0.7625272039063881 0 0 0
4 16 0.6469561525348575 0 0.7625272039063881 0.6343932841636456 0 0.7730104533627369 0.6343932841636456 0 0.7730104533627369 0.6469561525348575 0 0.7625272039063881
3 16 0.6469561525348575 0 0.7625272039063881 0.6343932841636456 0 0.7730104533627369 0 0 0
4 16 0.6343932841636456 0 0.7730104533627369 0.6216605733700774 0 0.7832867492286504 0.6216605733700774 0 0.7832867492286504 0.6343932841636456 0 0.7730104533627369
3 16 0.6343932841636456 0 0.7730104533627369 0.6216605733700774 0 0.7832867492286504 0 0 0
4 16 0.6216605733700774 0 0.7832867492286504 0.6087614290087207 0 0.7933533402912352 0.6087614290087207 0 0.7933533402912352 0.6216605733700774 0 0.7832867492286504
3 16 0.6216605733700774 0 0.7832867492286504 0.6087614290087207 0 0.7933533402912352 0 0 0
4 16 0.6087614290087207 0 0.7933533402912352 0.5956993044924335 0 0.8032075314806448 0.5956993044924335 0 0.8032075314806448 0.6087614290087207 0 0.7933533402912352
3 16 0.6087614290087207 0 0.7933533402912352 0.5956993044924335 0 0.8032075314806448 0 0 0
4 16 0.5956993044924335 0 0.8032075314806448 0.5824776968678023 0 0.8128466845916151 0.5824776968678023 0 0.8128466845916151 0.5956993044924335 0 0.8032075314806448
3 16 0.5956993044924335 0 0.8032075314806448 0.5824776968678023 0 0.8128466845916151 0 0 0
4 16 0.5824776968678023 0 0.8128466845916151 0.5691001458788983 0 0.822268218989775 0.5691001458788983 0 0.822268218989775 0.5824776968678023 0 0.8128466845916151
3 16 0.5824776968678023 0 0.8128466845916151 0.5691001458788983 0 0.822268218989775 0 0 0
4 16 0.5691001458788983 0 0.822268218989775 0.5555702330196024 0 0.8314696123025451 0.5555702330196024 0 0.8314696123025451 0.5691001458788983 0 0.822268218989775
3 16 0.5691001458788983 0 0.822268218989775 0.5555702330196024 0 0.8314696123025451 0 0 0
4 16 0.5555702330196024 0 0.8314696123025451 0.5418915805747517 0 0.840448401094438 0.5418915805747517 0 0.840448401094438 0.5555702330196024 0 0.8314696123025451
3 16 0.5555702330196024 0 0.8314696123025451 0.5418915805747517 0 0.840448401094438 0 0 0
4 16 0.5418915805747517 0 0.840448401094438 0.5280678506503681 0 0.8492021815265789 0.5280678506503681 0 0.8492021815265789 0.5418915805747517 0 0.840448401094438
3 16 0.5418915805747517 0 0.840448401094438 0.5280678506503681 0 0.8492021815265789 0 0 0
4 16 0.5280678506503681 0 0.8492021815265789 0.5141027441932219 0 0.857728610000272 0.5141027441932219 0 0.857728610000272 0.5280678506503681 0 0.8492021815265789
3 16 0.5280678506503681 0 0.8492021815265789 0.5141027441932219 0 0.857728610000272 0 0 0
4 16 0.5141027441932219 0 0.857728610000272 0.5000000000000001 0 0.8660254037844386 0.5000000000000001 0 0.8660254037844386 0.5141027441932219 0 0.857728610000272
3 16 0.5141027441932219 0 0.857728610000272 0.5000000000000001 0 0.8660254037844386 0 0 0
4 16 0.5000000000000001 0 0.8660254037844386 0.4857633937163401 0 0.8740903416267588 0.4857633937163401 0 0.8740903416267588 0.5000000000000001 0 0.8660254037844386
3 16 0.5000000000000001 0 0.8660254037844386 0.4857633937163401 0 0.8740903416267588 0 0 0
4 16 0.4857633937163401 0 0.8740903416267588 0.4713967368259978 0 0.8819212643483549 0.4713967368259978 0 0.8819212643483549 0.4857633937163401 0 0.8740903416267588
3 16 0.4857633937163401 0 0.8740903416267588 0.4713967368259978 0 0.8819212643483549 0 0 0
4 16 0.4713967368259978 0 0.8819212643483549 0.45690387563042073 0 0.889516075421856 0.45690387563042073 0 0.889516075421856 0.4713967368259978 0 0.8819212643483549
3 16 0.4713967368259978 0 0.8819212643483549 0.45690387563042073 0 0.889516075421856 0 0 0
4 16 0.45690387563042073 0 0.889516075421856 0.44228869021900147 0 0.8968727415326883 0.44228869021900147 0 0.8968727415326883 0.45690387563042073 0 0.889516075421856
3 16 0.45690387563042073 0 0.889516075421856 0.44228869021900147 0 0.8968727415326883 0 0 0
4 16 0.44228869021900147 0 0.8968727415326883 0.4275550934302822 0 0.9039892931234433 0.4275550934302822 0 0.9039892931234433 0.44228869021900147 0 0.8968727415326883
3 16 0.44228869021900147 0 0.8968727415326883 0.4275550934302822 0 0.9039892931234433 0 0 0
4 16 0.4275550934302822 0 0.9039892931234433 0.41270702980439494 0 0.9108638249211757 0.41270702980439494 0 0.9108638249211757 0.4275550934302822 0 0.9039892931234433
3 16 0.4275550934302822 0 0.9039892931234433 0.41270702980439494 0 0.9108638249211757 0 0 0
4 16 0.41270702980439494 0 0.9108638249211757 0.3977484745270112 0 0.9174944964474913 0.3977484745270112 0 0.9174944964474913 0.41270702980439494 0 0.9108638249211757
3 16 0.41270702980439494 0 0.9108638249211757 0.3977484745270112 0 0.9174944964474913 0 0 0
4 16 0.3977484745270112 0 0.9174944964474913 0.38268343236508984 0 0.9238795325112867 0.38268343236508984 0 0.9238795325112867 0.3977484745270112 0 0.9174944964474913
3 16 0.3977484745270112 0 0.9174944964474913 0.38268343236508984 0 0.9238795325112867 0 0 0
4 16 0.38268343236508984 0 0.9238795325112867 0.3675159365947037 0 0.9300172236840121 0.3675159365947037 0 0.9300172236840121 0.38268343236508984 0 0.9238795325112867
3 16 0.38268343236508984 0 0.9238795325112867 0.3675159365947037 0 0.9300172236840121 0 0 0
4 16 0.3675159365947037 0 0.9300172236840121 0.3522500479212336 0 0.9359059267573256 0.3522500479212336 0 0.9359059267573256 0.3675159365947037 0 0.9300172236840121
3 16 0.3675159365947037 0 0.9300172236840121 0.3522500479212336 0 0.9359059267573256 0 0 0
4 16 0.3522500479212336 0 0.9359059267573256 0.3368898533922203 0 0.9415440651830207 0.3368898533922203 0 0.9415440651830207 0.3522500479212336 0 0.9359059267573256
3 16 0.3522500479212336 0 0.9359059267573256 0.3368898533922203 0 0.9415440651830207 0 0 0
4 16 0.3368898533922203 0 0.9415440651830207 0.3214394653031617 0 0.9469301294951056 0.3214394653031617 0 0.9469301294951056 0.3368898533922203 0 0.9415440651830207
3 16 0.3368898533922203 0 0.9415440651830207 0.3214394653031617 0 0.9469301294951056 0 0 0
4 16 0.3214394653031617 0 0.9469301294951056 0.3059030200965535 0 0.9520626777139243 0.3059030200965535 0 0.9520626777139243 0.3214394653031617 0 0.9469301294951056
3 16 0.3214394653031617 0 0.9469301294951056 0.3059030200965535 0 0.9520626777139243 0 0 0
4 16 0.3059030200965535 0 0.9520626777139243 0.2902846772544625 0 0.9569403357322088 0.2902846772544625 0 0.9569403357322088 0.3059030200965535 0 0.9520626777139243
3 16 0.3059030200965535 0 0.9520626777139243 0.2902846772544625 0 0.9569403357322088 0 0 0
4 16 0.2902846772544625 0 0.9569403357322088 0.2745886181849324 0 0.9615617976829619 0.2745886181849324 0 0.9615617976829619 0.2902846772544625 0 0.9569403357322088
3 16 0.2902846772544625 0 0.9569403357322088 0.2745886181849324 0 0.9615617976829619 0 0 0
4 16 0.2745886181849324 0 0.9615617976829619 0.25881904510252096 0 0.9659258262890682 0.25881904510252096 0 0.9659258262890682 0.2745886181849324 0 0.9615617976829619
3 16 0.2745886181849324 0 0.9615617976829619 0.25881904510252096 0 0.9659258262890682 0 0 0
4 16 0.25881904510252096 0 0.9659258262890682 0.24298017990326398 0 0.970031253194544 0.24298017990326398 0 0.970031253194544 0.25881904510252096 0 0.9659258262890682
3 16 0.25881904510252096 0 0.9659258262890682 0.24298017990326398 0 0.970031253194544 0 0 0
4 16 0.24298017990326398 0 0.970031253194544 0.22707626303437345 0 0.9738769792773336 0.22707626303437345 0 0.9738769792773336 0.24298017990326398 0 0.970031253194544
3 16 0.24298017990326398 0 0.970031253194544 0.22707626303437345 0 0.9738769792773336 0 0 0
4 16 0.22707626303437345 0 0.9738769792773336 0.2111115523589653 0 0.9774619749435718 0.2111115523589653 0 0.9774619749435718 0.22707626303437345 0 0.9738769792773336
3 16 0.22707626303437345 0 0.9738769792773336 0.2111115523589653 0 0.9774619749435718 0 0 0
4 16 0.2111115523589653 0 0.9774619749435718 0.19509032201612833 0 0.9807852804032304 0.19509032201612833 0 0.9807852804032304 0.2111115523589653 0 0.9774619749435718
3 16 0.2111115523589653 0 0.9774619749435718 0.19509032201612833 0 0.9807852804032304 0 0 0
4 16 0.19509032201612833 0 0.9807852804032304 0.17901686127663285 0 0.9838460059270774 0.17901686127663285 0 0.9838460059270774 0.19509032201612833 0 0.9807852804032304
3 16 0.19509032201612833 0 0.9807852804032304 0.17901686127663285 0 0.9838460059270774 0 0 0
4 16 0.17901686127663285 0 0.9838460059270774 0.16289547339458882 0 0.986643332084879 0.16289547339458882 0 0.986643332084879 0.17901686127663285 0 0.9838460059270774
3 16 0.17901686127663285 0 0.9838460059270774 0.16289547339458882 0 0.986643332084879 0 0 0
4 16 0.16289547339458882 0 0.986643332084879 0.14673047445536197 0 0.9891765099647809 0.14673047445536197 0 0.9891765099647809 0.16289547339458882 0 0.986643332084879
3 16 0.16289547339458882 0 0.986643332084879 0.14673047445536197 0 0.9891765099647809 0 0 0
4 16 0.14673047445536197 0 0.9891765099647809 0.1305261922200517 0 0.9914448613738104 0.1305261922200517 0 0.9914448613738104 0.14673047445536197 0 0.9891765099647809
3 16 0.14673047445536197 0 0.9891765099647809 0.1305261922200517 0 0.9914448613738104 0 0 0
4 16 0.1305261922200517 0 0.9914448613738104 0.11428696496684666 0 0.9934477790194444 0.11428696496684666 0 0.9934477790194444 0.1305261922200517 0 0.9914448613738104
3 16 0.1305261922200517 0 0.9914448613738104 0.11428696496684666 0 0.9934477790194444 0 0 0
4 16 0.11428696496684666 0 0.9934477790194444 0.09801714032956077 0 0.9951847266721968 0.09801714032956077 0 0.9951847266721968 0.11428696496684666 0 0.9934477790194444
3 16 0.11428696496684666 0 0.9934477790194444 0.09801714032956077 0 0.9951847266721968 0 0 0
4 16 0.09801714032956077 0 0.9951847266721968 0.0817210741336683 0 0.9966552393091803 0.0817210741336683 0 0.9966552393091803 0.09801714032956077 0 0.9951847266721968
3 16 0.09801714032956077 0 0.9951847266721968 0.0817210741336683 0 0.9966552393091803 0 0 0
4 16 0.0817210741336683 0 0.9966552393091803 0.06540312923014327 0 0.9978589232386035 0.06540312923014327 0 0.9978589232386035 0.0817210741336683 0 0.9966552393091803
3 16 0.0817210741336683 0 0.9966552393091803 0.06540312923014327 0 0.9978589232386035 0 0 0
4 16 0.06540312923014327 0 0.9978589232386035 0.049067674327418126 0 0.9987954562051724 0.049067674327418126 0 0.9987954562051724 0.06540312923014327 0 0.9978589232386035
3 16 0.06540312923014327 0 0.9978589232386035 0.049067674327418126 0 0.9987954562051724 0 0 0
4 16 0.049067674327418126 0 0.9987954562051724 0.03271908282177639 0 0.9994645874763657 0.03271908282177639 0 0.9994645874763657 0.049067674327418126 0 0.9987954562051724
3 16 0.049067674327418126 0 0.9987954562051724 0.03271908282177639 0 0.9994645874763657 0 0 0
4 16 0.03271908282177639 0 0.9994645874763657 0.016361731626486936 0 0.9998661379095618 0.016361731626486936 0 0.9998661379095618 0.03271908282177639 0 0.9994645874763657
3 16 0.03271908282177639 0 0.9994645874763657 0.016361731626486936 0 0.9998661379095618 0 0 0
4 16 0.016361731626486936 0 0.9998661379095618 6.123233995736766e-17 0 1.0 6.123233995736766e-17 0 1.0 0.016361731626486936 0 0.9998661379095618
3 16 0.016361731626486936 0 0.9998661379095618 6.123233995736766e-17 0 1.0 0 0 0